ELF Header:
  Magic:   7f 45 4c 46 02 01 01 00 00 00 00 00 00 00 00 00
  Class:                             ELF64
  Data:                              2's complement, little endian
  Version:                           1 (current)
  OS/ABI:                            UNIX - System V
  ABI Version:                       0
  Type:                              CORE (Core file)
  Machine:                           AArch64
  Version:                           0x1
  Entry point address:               0x0
  Start of program headers:          64 (bytes into file)
  Start of section headers:          0 (bytes into file)
  Flags:                             0x0
  Size of this header:               64 (bytes)
  Size of program headers:           56 (bytes)
  Number of program headers:         28
  Size of section headers:           0 (bytes)
  Number of section headers:         0
  Section header string table index: 0

Elf file type is CORE (Core file)
Entry point 0x0
There are 28 program headers, starting at offset 64

Program Headers:
  Type           Offset   VirtAddr           PhysAddr           FileSiz  MemSiz   Flg Align
  NOTE           0x000660 0x0000000000000000 0x0000000000000000 0x000ef8 0x000000     0x4
  LOAD           0x002000 0x0000000000200000 0x0000000000000000 0x09cbe9 0x09cbe9 RWE 0x1000
  LOAD           0x09f000 0x00000000002a0000 0x0000000000000000 0x001000 0x001000 R E 0x1000
  LOAD           0x0a0000 0x0000002cffff0000 0x0000000000000000 0x001000 0x001000 RW  0x1000
  LOAD           0x0a1000 0x0000002d00000000 0x0000000000000000 0x004000 0x004000 R E 0x1000
  LOAD           0x0a5000 0x0000002d00010000 0x0000000000000000 0x004000 0x004000 R E 0x1000
  LOAD           0x0a9000 0x0000002d00020000 0x0000000000000000 0x1c0000 0x1c0000 R   0x1000
  LOAD           0x269000 0x0000002d001e0000 0x0000000000000000 0x004000 0x004000 R E 0x1000
  LOAD           0x26d000 0x0000002d001e4000 0x0000000000000000 0x004000 0x004000 RW  0x1000
  LOAD           0x271000 0x0000002d001e8000 0x0000000000000000 0x010000 0x010000 RW  0x1000
  LOAD           0x281000 0x0000002e00000000 0x0000000000000000 0x001000 0x001000 R   0x1000
  LOAD           0x282000 0x0000002e00010000 0x0000000000000000 0x001000 0x001000 R E 0x1000
  LOAD           0x283000 0x0000003000000000 0x0000000000000000 0x004000 0x004000 R E 0x1000
  LOAD           0x287000 0x0000003000004000 0x0000000000000000 0x001000 0x001000 R E 0x1000
  LOAD           0x000000 0x0000004000000000 0x0000000000000000 0x000000 0x001000     0x1000
  LOAD           0x288000 0x0000004000001000 0x0000000000000000 0x001000 0x001000 RW  0x1000
  LOAD           0x000000 0x0000006000000000 0x0000000000000000 0x000000 0x001000     0x1000
  LOAD           0x289000 0x0000006000001000 0x0000000000000000 0x003000 0x003000 RW  0x1000
  LOAD           0x28c000 0x0000006000004000 0x0000000000000000 0x001000 0x001000 RW  0x1000
  LOAD           0x000000 0x0000006000005000 0x0000000000000000 0x000000 0x002000     0x1000
  LOAD           0x28d000 0x0000006000007000 0x0000000000000000 0x021000 0x021000 RW  0x1000
  LOAD           0x000000 0x0000006000028000 0x0000000000000000 0x000000 0x002000     0x1000
  LOAD           0x2ae000 0x000000600002a000 0x0000000000000000 0x021000 0x021000 RW  0x1000
  LOAD           0x2cf000 0x0000006700000000 0x0000000000000000 0x001000 0x001000 RW  0x1000
  LOAD           0x2d0000 0x0000006700100000 0x0000000000000000 0x001000 0x001000 RW  0x1000
  LOAD           0x2d1000 0x0000006700200000 0x0000000000000000 0x001000 0x001000 RW  0x1000
  LOAD           0x2d2000 0x0000006700300000 0x0000000000000000 0x001000 0x001000 R E 0x1000
  LOAD           0x2d3000 0x000000ffff7f0000 0x0000000000000000 0x800000 0x800000 RW  0x1000

 Section to Segment mapping:
  Segment Sections...
   00
   01
   02
   03
   04
   05
   06
   07
   08
   09
   10
   11
   12
   13
   14
   15
   16
   17
   18
   19
   20
   21
   22
   23
   24
   25
   26
   27
Displaying notes found at file offset 0x00000660 with length 0x00000ef8:
  Owner                Data size 	Description
  CORE                 0x00000188	NT_PRSTATUS (prstatus structure)
   description data: 0b 00 00 00 01 00 00 00 00 00 00 00 0b 00 00 00 00 00 00 00 00 00 00 00 00 00 00 00 00 00 00 00 05 00 00 00 04 00 00 00 01 00 00 00 01 00 00 00 00 00 00 00 00 00 00 00 00 00 00 00 00 00 00 00 00 00 00 00 00 00 00 00 00 00 00 00 00 00 00 00 00 00 00 00 00 00 00 00 00 00 00 00 00 00 00 00 00 00 00 00 00 00 00 00 00 00 00 00 00 00 00 00 00 00 00 00 00 00 00 00 00 00 00 00 00 00 00 00 01 00 00 00 00 00 00 00 e0 c2 29 00 00 00 00 00 01 00 00 00 00 00 00 00 ff ff ff 7f 00 00 00 00 00 00 00 00 00 00 00 00 00 00 00 00 00 00 00 00 00 00 c0 00 00 00 00 00 01 00 00 00 00 00 00 00 45 52 4f 43 4e 49 41 4d 44 44 33 33 22 22 11 11 08 00 00 00 00 00 00 00 00 00 00 00 00 00 00 00 20 00 00 00 00 00 00 00 ff ff fe ff fc ff ff f0 9d 91 8e 9b 9c 8b 93 90 9a 97 94 9b d1 93 9f 90 00 00 00 00 00 00 00 00 45 52 4f 43 4e 49 41 4d 58 b4 29 00 00 00 00 00 00 00 20 00 67 00 00 00 05 00 00 00 00 00 00 00 06 00 00 00 00 00 00 00 30 00 00 00 00 00 00 00 ff ff ff ff 00 00 00 00 20 00 00 00 00 00 00 00 38 be 29 00 00 00 00 00 16 fc fe ff ff 00 00 00 10 f8 fe ff ff 00 00 00 ac 6a 22 00 00 00 00 00 c0 f7 fe ff ff 00 00 00 f4 6a 22 00 00 00 00 00 c0 03 00 60 00 00 00 00 01 00 00 00 00 00 00 00
  CORE                 0x00000088	NT_PRPSINFO (prpsinfo structure)
   description data: 00 52 00 00 00 00 00 00 00 00 00 00 00 00 00 00 00 00 00 00 00 00 00 00 05 00 00 00 04 00 00 00 01 00 00 00 01 00 00 00 70 00 00 00 00 00 00 00 00 00 00 00 00 00 00 00 63 6f 72 65 64 75 6d 70 66 69 6c 65 20 2d 2d 63 6f 72 65 2d 63 72 61 73 68 2d 63 68 69 6c 64 00 00 00 00 00 00 00 00 00 00 00 00 00 00 00 00 00 00 00 00 00 00 00 00 00 00 00 00 00 00 00 00 00 00 00 00 00 00 00 00 00 00 00 00 00 00 00 00 00
  CORE                 0x00000080	NT_SIGINFO (siginfo_t data)
   description data: 0b 00 00 00 00 00 00 00 01 00 00 00 00 00 00 00 00 00 00 00 00 00 00 00 00 00 00 00 00 00 00 00 00 00 00 00 00 00 00 00 00 00 00 00 00 00 00 00 00 00 00 00 00 00 00 00 00 00 00 00 00 00 00 00 00 00 00 00 00 00 00 00 00 00 00 00 00 00 00 00 00 00 00 00 00 00 00 00 00 00 00 00 00 00 00 00 00 00 00 00 00 00 00 00 00 00 00 00 00 00 00 00 00 00 00 00 00 00 00 00 00 00 00 00 00 00 00 00
  CORE                 0x00000130	NT_AUXV (auxiliary vector)
   description data: 03 00 00 00 00 00 00 00 40 00 20 00 00 00 00 00 04 00 00 00 00 00 00 00 38 00 00 00 00 00 00 00 05 00 00 00 00 00 00 00 09 00 00 00 00 00 00 00 06 00 00 00 00 00 00 00 00 10 00 00 00 00 00 00 08 00 00 00 00 00 00 00 00 00 00 00 00 00 00 00 09 00 00 00 00 00 00 00 60 60 22 00 00 00 00 00 0b 00 00 00 00 00 00 00 00 00 00 00 00 00 00 00 0c 00 00 00 00 00 00 00 00 00 00 00 00 00 00 00 0d 00 00 00 00 00 00 00 00 00 00 00 00 00 00 00 0e 00 00 00 00 00 00 00 00 00 00 00 00 00 00 00 17 00 00 00 00 00 00 00 00 00 00 00 00 00 00 00 11 00 00 00 00 00 00 00 64 00 00 00 00 00 00 00 10 00 00 00 00 00 00 00 fb 01 00 00 00 00 00 00 1a 00 00 00 00 00 00 00 00 00 00 00 00 00 00 00 21 00 00 00 00 00 00 00 00 00 01 00 2e 00 00 00 19 00 00 00 00 00 00 00 10 ff fe ff ff 00 00 00 0f 00 00 00 00 00 00 00 25 ff fe ff ff 00 00 00 1f 00 00 00 00 00 00 00 2d ff fe ff ff 00 00 00 00 00 00 00 00 00 00 00 00 00 00 00 00 00 00 00
  CORE                 0x000000c1	NT_FILE (mapped files)
    Page size: 4096
                 Start                 End         Page Offset
    0x0000000000200000  0x0000000000217000  0x0000000000000000
        /tmp/p
    0x0000000000226000  0x0000000000279000  0x0000000000000016
        /tmp/p
    0x0000000000288000  0x000000000028b000  0x0000000000000068
        /tmp/p
    0x000000000029a000  0x000000000029c000  0x000000000000006a
        /tmp/p
    0x0000006700200000  0x0000006700201000  0x0000000000000001
        /tmp/coredumpfile/mapped.bin
  CORE                 0x00000210	NT_FPREGSET (floating point registers)
   description data: 45 52 4f 43 4e 49 41 4d 45 52 4f 43 4e 49 41 4d cf 73 97 ba db f8 0c 0f f1 90 a8 b4 a7 68 c4 57 00 00 00 00 00 00 00 00 00 00 00 00 00 00 00 00 00 00 00 00 00 00 00 00 00 00 00 00 00 00 00 00 00 00 00 00 00 00 00 00 00 00 00 00 00 00 00 00 00 00 00 00 00 00 00 00 00 00 00 00 00 00 00 00 00 00 00 00 00 00 00 00 00 00 00 00 00 00 00 00 00 00 00 00 00 00 00 00 00 00 00 00 00 00 00 00 00 00 00 00 00 00 00 00 00 00 00 00 00 00 00 00 00 00 00 00 00 00 00 00 00 00 00 00 00 00 00 00 00 00 00 00 00 00 00 00 00 00 00 00 00 00 00 00 00 00 00 00 00 00 00 00 00 00 00 00 00 00 00 00 00 00 00 00 00 00 00 00 00 00 00 00 00 00 00 00 00 00 00 00 00 00 00 00 00 00 00 00 00 00 00 00 00 00 00 00 00 00 00 00 00 00 00 00 00 00 00 00 00 00 00 00 00 00 00 00 00 00 00 00 00 00 00 00 00 00 00 00 00 00 00 00 00 00 00 00 00 00 00 00 00 00 00 00 00 00 00 00 00 00 00 00 00 00 00 00 00 00 00 00 00 00 00 00 00 00 00 00 00 00 00 00 00 00 00 00 00 00 00 00 00 00 00 00 00 00 00 00 00 00 00 00 00 00 00 00 00 00 00 00 00 00 00 00 00 00 00 00 00 00 00 00 00 00 00 00 00 00 00 00 00 00 00 00 00 00 00 00 00 00 00 00 00 00 00 00 00 00 00 00 00 00 00 00 00 00 00 00 00 00 00 00 00 00 00 00 00 00 00 00 00 00 00 00 00 00 00 00 00 00 00 00 00 00 00 00 00 00 00 00 00 00 00 00 00 00 00 00 00 00 00 00 00 00 00 00 00 00 00 00 00 00 00 00 00 00 00 00 00 00 00 00 00 00 00 00 00 00 00 00 00 00 00 00 00 00 00 00 00 00 00 00 00 00 00 00 00 00 00 00 00 00 00 00 00 00 00 00 00 00 00 00 00 00 00 00 00 00 00 00 00 00 00 00 00 00 00 00 00 00 00 00 00 00 00 00 00 00 00 00 01 00 00 00 00 00 c0 00 00 00 00 00 00 00 00 00
  LINUX                0x00000010	NT_ARM_TLS (AArch TLS registers)
   description data: 44 44 33 33 22 22 11 11 00 00 00 00 00 00 00 00
  CORE                 0x00000188	NT_PRSTATUS (prstatus structure)
   description data: 0b 00 00 00 01 00 00 00 00 00 00 00 00 00 00 00 00 00 00 00 00 00 00 00 00 00 00 00 00 00 00 00 07 00 00 00 04 00 00 00 01 00 00 00 01 00 00 00 00 00 00 00 00 00 00 00 00 00 00 00 00 00 00 00 00 00 00 00 00 00 00 00 00 00 00 00 00 00 00 00 00 00 00 00 00 00 00 00 00 00 00 00 00 00 00 00 00 00 00 00 00 00 00 00 00 00 00 00 00 00 00 00 00 00 00 00 00 00 00 00 58 b4 29 00 00 00 00 00 00 00 00 00 00 00 00 00 08 00 00 00 00 00 00 00 d8 b3 29 00 00 00 00 00 88 7b 02 00 60 00 00 00 d8 b3 29 00 00 00 00 00 00 00 00 00 00 00 00 00 00 00 40 00 00 00 00 00 02 00 00 00 00 00 00 00 88 88 77 77 66 66 55 55 10 7c 4a 7f b9 79 7f 9e 08 00 00 00 00 00 00 00 00 00 00 00 00 00 00 00 20 00 00 00 00 00 00 00 ff ff fe ff fc ff ff f0 01 00 00 00 00 00 00 00 9a 97 94 9b d1 93 9f 90 00 00 00 00 00 00 00 00 31 47 4e 49 4e 4e 55 52 00 00 00 00 00 00 00 00 00 30 02 00 00 00 00 00 40 f7 fe ff ff 00 00 00 38 be 29 00 00 00 00 00 c0 7a 02 00 60 00 00 00 c0 7a 02 00 60 00 00 00 c0 7a 02 00 60 00 00 00 00 50 00 00 60 00 00 00 a0 7a 02 00 60 00 00 00 60 7a 02 00 60 00 00 00 90 6c 22 00 00 00 00 00 60 7a 02 00 60 00 00 00 6c 02 2a 00 00 00 00 00 c0 03 00 00 00 00 00 00 01 00 00 00 00 00 00 00
  CORE                 0x00000210	NT_FPREGSET (floating point registers)
   description data: 31 47 4e 49 4e 4e 55 52 31 47 4e 49 4e 4e 55 52 00 00 00 00 00 00 00 00 00 00 00 00 00 00 00 00 00 00 00 00 00 00 00 00 00 00 00 00 00 00 00 00 00 00 00 00 00 00 00 00 00 00 00 00 00 00 00 00 00 00 00 00 00 00 00 00 00 00 00 00 00 00 00 00 00 00 00 00 00 00 00 00 00 00 00 00 00 00 00 00 00 00 00 00 00 00 00 00 00 00 00 00 00 00 00 00 00 00 00 00 00 00 00 00 00 00 00 00 00 00 00 00 00 00 00 00 00 00 00 00 00 00 00 00 00 00 00 00 00 00 00 00 00 00 00 00 00 00 00 00 00 00 00 00 00 00 00 00 00 00 00 00 00 00 00 00 00 00 00 00 00 00 00 00 00 00 00 00 00 00 00 00 00 00 00 00 00 00 00 00 00 00 00 00 00 00 00 00 00 00 00 00 00 00 00 00 00 00 00 00 00 00 00 00 00 00 00 00 00 00 00 00 00 00 00 00 00 00 00 00 00 00 00 00 00 00 00 00 00 00 00 00 00 00 00 00 00 00 00 00 00 00 00 00 00 00 00 00 00 00 00 00 00 00 00 00 00 00 00 00 00 00 00 00 00 00 00 00 00 00 00 00 00 00 00 00 00 00 00 00 00 00 00 00 00 00 00 00 00 00 00 00 00 00 00 00 00 00 00 00 00 00 00 00 00 00 00 00 00 00 00 00 00 00 00 00 00 00 00 00 00 00 00 00 00 00 00 00 00 00 00 00 00 00 00 00 00 00 00 00 00 00 00 00 00 00 00 00 00 00 00 00 00 00 00 00 00 00 00 00 00 00 00 00 00 00 00 00 00 00 00 00 00 00 00 00 00 00 00 00 00 00 00 00 00 00 00 00 00 00 00 00 00 00 00 00 00 00 00 00 00 00 00 00 00 00 00 00 00 00 00 00 00 00 00 00 00 00 00 00 00 00 00 00 00 00 00 00 00 00 00 00 00 00 00 00 00 00 00 00 00 00 00 00 00 00 00 00 00 00 00 00 00 00 00 00 00 00 00 00 00 00 00 00 00 00 00 00 00 00 00 00 00 00 00 00 00 00 00 00 00 00 00 00 00 00 00 00 00 00 00 00 00 00 00 00 02 00 00 00 00 00 40 00 00 00 00 00 00 00 00 00
  LINUX                0x00000010	NT_ARM_TLS (AArch TLS registers)
   description data: 88 88 77 77 66 66 55 55 00 00 00 00 00 00 00 00
  CORE                 0x00000188	NT_PRSTATUS (prstatus structure)
   description data: 0b 00 00 00 01 00 00 00 00 00 00 00 00 00 00 00 00 00 00 00 00 00 00 00 00 00 00 00 00 00 00 00 08 00 00 00 04 00 00 00 01 00 00 00 01 00 00 00 00 00 00 00 00 00 00 00 00 00 00 00 00 00 00 00 00 00 00 00 00 00 00 00 00 00 00 00 00 00 00 00 00 00 00 00 00 00 00 00 00 00 00 00 00 00 00 00 00 00 00 00 00 00 00 00 00 00 00 00 00 00 00 00 04 00 00 00 00 00 00 00 50 b4 29 00 00 00 00 00 01 00 00 00 00 00 00 00 08 00 00 00 00 00 00 00 d8 b3 29 00 00 00 00 00 88 ab 04 00 60 00 00 00 d8 b3 29 00 00 00 00 00 00 00 00 00 00 00 00 00 3f 00 00 00 00 00 00 00 04 00 00 00 00 00 00 00 cc cc bb bb aa aa 99 99 10 7c 4a 7f b9 79 7f 9e 08 00 00 00 00 00 00 00 00 00 00 00 00 00 00 00 20 00 00 00 00 00 00 00 ff ff fe ff fc ff ff f0 01 00 00 00 00 00 00 00 9a 97 94 9b d1 93 9f 90 00 00 00 00 00 00 00 00 32 44 45 4b 43 4f 4c 42 04 00 00 00 00 00 00 00 50 b4 29 00 00 00 00 00 40 f7 fe ff ff 00 00 00 38 be 29 00 00 00 00 00 c0 aa 04 00 60 00 00 00 c0 aa 04 00 60 00 00 00 c0 aa 04 00 60 00 00 00 00 80 02 00 60 00 00 00 a0 aa 04 00 60 00 00 00 50 aa 04 00 60 00 00 00 28 6c 22 00 00 00 00 00 50 aa 04 00 60 00 00 00 0c 00 2a 00 00 00 00 00 c0 03 00 20 00 00 00 00 01 00 00 00 00 00 00 00
  CORE                 0x00000210	NT_FPREGSET (floating point registers)
   description data: 32 44 45 4b 43 4f 4c 42 32 44 45 4b 43 4f 4c 42 00 00 00 00 00 00 00 00 00 00 00 00 00 00 00 00 00 00 00 00 00 00 00 00 00 00 00 00 00 00 00 00 00 00 00 00 00 00 00 00 00 00 00 00 00 00 00 00 00 00 00 00 00 00 00 00 00 00 00 00 00 00 00 00 00 00 00 00 00 00 00 00 00 00 00 00 00 00 00 00 00 00 00 00 00 00 00 00 00 00 00 00 00 00 00 00 00 00 00 00 00 00 00 00 00 00 00 00 00 00 00 00 00 00 00 00 00 00 00 00 00 00 00 00 00 00 00 00 00 00 00 00 00 00 00 00 00 00 00 00 00 00 00 00 00 00 00 00 00 00 00 00 00 00 00 00 00 00 00 00 00 00 00 00 00 00 00 00 00 00 00 00 00 00 00 00 00 00 00 00 00 00 00 00 00 00 00 00 00 00 00 00 00 00 00 00 00 00 00 00 00 00 00 00 00 00 00 00 00 00 00 00 00 00 00 00 00 00 00 00 00 00 00 00 00 00 00 00 00 00 00 00 00 00 00 00 00 00 00 00 00 00 00 00 00 00 00 00 00 00 00 00 00 00 00 00 00 00 00 00 00 00 00 00 00 00 00 00 00 00 00 00 00 00 00 00 00 00 00 00 00 00 00 00 00 00 00 00 00 00 00 00 00 00 00 00 00 00 00 00 00 00 00 00 00 00 00 00 00 00 00 00 00 00 00 00 00 00 00 00 00 00 00 00 00 00 00 00 00 00 00 00 00 00 00 00 00 00 00 00 00 00 00 00 00 00 00 00 00 00 00 00 00 00 00 00 00 00 00 00 00 00 00 00 00 00 00 00 00 00 00 00 00 00 00 00 00 00 00 00 00 00 00 00 00 00 00 00 00 00 00 00 00 00 00 00 00 00 00 00 00 00 00 00 00 00 00 00 00 00 00 00 00 00 00 00 00 00 00 00 00 00 00 00 00 00 00 00 00 00 00 00 00 00 00 00 00 00 00 00 00 00 00 00 00 00 00 00 00 00 00 00 00 00 00 00 00 00 00 00 00 00 00 00 00 00 00 00 00 00 00 00 00 00 00 00 00 00 00 00 00 00 00 00 00 00 00 00 00 00 00 00 00 00 00 00 04 00 00 00 00 00 80 00 00 00 00 00 00 00 00 00
  LINUX                0x00000010	NT_ARM_TLS (AArch TLS registers)
   description data: cc cc bb bb aa aa 99 99 00 00 00 00 00 00 00 00
